15
0 59
-0.34393167894022967
-0.089381588614979043
-0.68851960686906546
-0.079813395688520892
-0.69335830369198524
-0.063196618126195182
-0.70949813233208058
-0.045413965949211345
-0.74310039503029762
-0.036413339920032131
-0.78934090299815902
-0.048469977508675676
-0.819795313941268
-0.088864313349258922
-0.7786935456163569
-0.14645681408767018
-0.61006694629629417
-0.18169341221945431
-0.32839314255279346
-0.14347808076936841
-0.084694018120624547
-0.028912354401702065
-0.092491284439091026
0.06238790724576206
-0.34080653668282587
0.0059598158477117608
-0.41977093355703614
-0.12695302686030287
-0.047804314301339474
-0.076191685773808316
0.18483990109538966
0.10282883716180377
-0.23681156455049691
-0.0099584346146537606
-0.21818483797042411
-0.13200711824635764
0.33455928479000008
0.14631492868183922
-0.34141686867724132
-0.1110209002973097
0.18430896866161752
0.05504046487227657
-0.09720753398696883
-0.024642547595104387
0.030756785450920473
0.0076243628134850538
-0.012670822232955775
-0.0026663369497050469
0.0021254098109973261
0.00048472782783514356
-0.0010683002333884553
-0.00018983446805338524
0.14207859578701583e-4
0.7568428073310492e-5
-0.71364742377850987e-4
-0.11110276117335481e-4
-0.59594294012191384e-5
-0.75274867938276151e-6
-0.25316168294394132e-5
-0.37457150713308039e-6

1 27
-0.23681156455049691
-0.019916869229307521
-0.43636967594084822
-0.26401423649271528
0.66911856958000017
0.29262985736367844
-0.68283373735448265
-0.2220418005946194
0.36861793732323504
0.11008092974455314
-0.19441506797393766
-0.049285095190208775
0.061513570901840945
0.015248725626970108
-0.025341644465911549
-0.0053326738994100939
0.0042508196219946523
0.00096945565567028713
-0.0021366004667769105
-0.00037966893610677048
0.28415719157403166e-4
0.15136856146620984e-4
-0.00014272948475570197
-0.22220552234670962e-4
-0.11918858802438277e-4
-0.1505497358765523e-5
-0.50632336588788263e-5
-0.74914301426616077e-6

2 31
-0.34393167894022967
-0.089381588614979043
-0.68851960686906546
-0.079813395688520892
-0.69335830369198524
-0.063196243554688049
-0.70949560071525114
-0.045413213200531962
-0.7430944356008964
-0.036402229643914795
-0.78926953825578117
-0.048477545936748986
-0.8198095218008467
-0.088674478881205537
-0.77762524538296845
-0.14694154191550533
-0.61219235610729149
-0.17902707526974926
-0.31572232031983768
-0.15110244358285347
-0.11545080357154502
-0.004269806806597678
0.0047162495478778044
0.0073474423734854902
-0.5251155053444434
0.11698071614502146
-0.078354064879794816
-0.27326795554214209
-0.38236359909133956
0.055815432472549324
0.40302473906581377
0.11278727177645753

3 11
0.0042508196219946523
0.0019389113113405743
-0.0042732009335538211
-0.00075933787221354096
0.56831438314806332e-4
0.30273712293241968e-4
-0.00028545896951140395
-0.44441104469341924e-4
-0.23837717604876554e-4
-0.3010994717531046e-5
-0.10126467317757653e-4
-0.14982860285323215e-5

4 15
-0.23681156455049691
-0.019916869229307521
-0.43636967594084822
-0.26401423649271528
0.66911856958000017
0.2926306065066927
-0.68282867412082377
-0.22204029509726063
0.36862985618203748
0.11010315029678781
-0.19427233848918196
-0.049300232046355396
0.061485155182683542
0.015628394563076878
-0.023205043999134639
-0.006302129555080381

5 15
-0.61219235610729149
-0.35805415053949853
-0.63144464063967536
-0.30220488716570694
-0.23090160714309004
-0.008539613613195356
0.0094324990957556089
0.01469488474697098
-1.0502310106888868
0.23396143229004292
-0.15670812975958963
-0.54653591108428417
-0.76472719818267912
0.11163086494509865
0.80604947813162754
0.22557454355291505

6 15
-0.34393167894022967
-0.20216886039143657
-1.0915443459348792
-0.13562882816107022
-0.31099470460064568
0.21007171198745404
-0.63114153583545633
-0.16239392934555342
-0.21797893025645301
-0.043749672017400286
-0.79398578780365897
-0.044207739130151308
-0.70435871822930169
0.062427964701647931
-0.46190292506313077
0.032085533354243939

7 3
-0.23837717604876554e-4
-0.60219894350620921e-5
-0.20252934635515305e-4
-0.29965720570646431e-5

8 7
0.0042508196219946523
0.0019389113113405743
-0.0042732009335538211
-0.00075933787221354096
0.56831438314806332e-4
0.3177199832177429e-4
-0.0002753325021936463
-0.41430109751810878e-4

9 7
0.36862985618203748
0.22020630059357562
-0.38854467697836392
-0.098600464092710791
0.12297031036536708
0.031256789126153756
-0.046410087998269277
-0.012604259110160762

10 7
-0.23681156455049691
-0.01361473967422714
-0.41316463194171358
-0.27964263105579216
0.60763341439731663
0.3419308385530481
-0.48855633563164181
-0.33214344539404844

11 7
-1.0502310106888868
0.46792286458008584
-0.31341625951917927
-1.0930718221685683
-1.5294543963653582
0.22326172989019729
1.6120989562632551
0.45114908710583011

12 7
-0.61219235610729149
-0.58362869409241358
-1.4374941187713029
-0.41383575211080558
0.53382559103958908
0.53799629747108882
0.16614062885534524
-0.21926654754307194

13 7
-0.21797893025645301
-0.087499344034800571
-1.5879715756073179
-0.088415478260302617
-1.4087174364586034
0.12485592940329586
-0.92380585012626154
0.064171066708487878

14 7
-0.34393167894022967
-0.23425439374568051
-0.62964142087174846
-0.19805679286271815
0.39336401362865601
0.25427945111760535
0.16284425196820265
-0.11864425732815314

